#Layer_Color=8242323
#
#Feature symbol names
#
$0 r3.937
$1 r4
$2 r1.9685

#
#Feature attribute names
#

#
#Layer features
#
A 0.3228347 1.3385827 0.3228347 1.3385827 0.2755906 1.3385827 0 P 0 N
A 0.5590551 0.0787402 0.5590551 0.0787402 0.511811 0.0787402 0 P 0 N
A 0.7972433 0.232776 0.7972433 0.232776 0.6850386 0.232776 0 P 0 N
A 0.7972433 1.185532 0.7972433 1.185532 0.6850386 1.185532 0 P 0 N
A 0.981103 1.0768142 0.981103 1.0768142 0.965355 1.0768142 0 P 0 N
A 1.0905511 0.6589043 1.0905511 0.6589043 1.0748031 0.6589043 0 P 0 N
A 1.0905511 0.7066929 1.0905511 0.7066929 1.0748031 0.7066929 0 P 0 N
A 1.0905511 0.7551181 1.0905511 0.7551181 1.0748031 0.7551181 0 P 0 N
A 1.7499992 0.232776 1.7499992 0.232776 1.6377945 0.232776 0 P 0 N
A 1.7499992 1.185532 1.7499992 1.185532 1.6377945 1.185532 0 P 0 N
A 1.8042871 1.0202795 1.8042871 1.0202795 1.7885391 1.0202795 0 P 0 N
A 1.8049415 0.9697135 1.8049415 0.9697135 1.7891935 0.9697135 0 P 0 N
A 1.8779527 0.1377953 1.8779527 0.1377953 1.8622047 0.1377953 0 P 0 N
A 1.8779527 0.1968504 1.8779527 0.1968504 1.8622047 0.1968504 0 P 0 N
A 1.9883084 1.3414396 1.9883084 1.3414396 1.9725604 1.3414396 0 P 0 N
A 1.9990157 0.0787402 1.9990157 0.0787402 1.9832677 0.0787402 0 P 0 N
A 1.9990157 0.1377953 1.9990157 0.1377953 1.9832677 0.1377953 0 P 0 N
A 1.9990157 0.1968504 1.9990157 0.1968504 1.9832677 0.1968504 0 P 0 N
A 1.9990157 0.2559055 1.9990157 0.2559055 1.9832677 0.2559055 0 P 0 N
A 2.090748 1.341 2.090748 1.341 2.075 1.341 0 P 0 N
A 2.5275591 0.3149606 2.5275591 0.3149606 2.480315 0.3149606 0 P 0 N
L 0.2559055 1.3385827 0.2952756 1.3385827 0 P 0
L 0.2755906 1.3188977 0.2755906 1.3582677 0 P 0
L 0.277559 0.0761811 0.277559 0.1600393 0 P 0
L 0.277559 0.0761811 0.3523622 0.0761811 0 P 0
L 0.277559 0.1600393 0.3523622 0.1600393 0 P 0
L 0.2952754 0.198819 0.2952754 0.2736221 2 P 0
L 0.2952754 0.198819 0.3346455 0.198819 2 P 0
L 0.2952754 0.2736221 0.3346455 0.2736221 2 P 0
L 0.2952756 0.1181102 0.3346456 0.1181102 0 P 0
L 0.2961643 0.3961721 0.2961643 0.5485369 1 P 0
L 0.2961643 0.3961721 0.3694475 0.3961721 1 P 0
L 0.2961643 0.5485369 0.3694475 0.5485369 1 P 0
L 0.3041337 0.2362205 0.3257872 0.2362205 2 P 0
L 0.305363 0.9133859 0.305363 0.96063 2 P 0
L 0.305363 0.9133859 0.3880401 0.9133859 2 P 0
L 0.305363 0.96063 0.3880401 0.96063 2 P 0
L 0.3149605 0.2253938 0.3149605 0.2470473 2 P 0
L 0.3149606 0.0984252 0.3149606 0.1377952 0 P 0
L 0.3346455 0.198819 0.3346455 0.2736221 2 P 0
L 0.3348585 0.937008 0.3584806 0.937008 2 P 0
L 0.3392139 0.4724409 0.3543307 0.4724409 1 P 0
L 0.3466695 0.925197 0.3466695 0.948819 2 P 0
L 0.3523622 0.0761811 0.3523622 0.1600393 0 P 0
L 0.3543307 0.4573241 0.3543307 0.4724409 1 P 0
L 0.3543307 0.4724409 0.3543307 0.4875577 1 P 0
L 0.3543307 0.4724409 0.3694475 0.4724409 1 P 0
L 0.3694475 0.3961721 0.3694475 0.5387402 1 P 0
L 0.3694475 0.5387402 0.3694475 0.5485369 1 P 0
L 0.3880401 0.9133859 0.3880401 0.96063 2 P 0
L 0.3956693 0.0761811 0.3956693 0.1600393 0 P 0
L 0.3956693 0.0761811 0.4704725 0.0761811 0 P 0
L 0.3956693 0.1600393 0.4704725 0.1600393 0 P 0
L 0.4133857 0.198819 0.4133857 0.2736221 2 P 0
L 0.4133857 0.198819 0.4527558 0.198819 2 P 0
L 0.4133857 0.2736221 0.4527558 0.2736221 2 P 0
L 0.4133859 0.1181102 0.4527559 0.1181102 0 P 0
L 0.422244 0.2362205 0.4438975 0.2362205 2 P 0
L 0.4230789 0.8008248 0.4230789 0.9157368 1 P 0
L 0.4230789 0.8008248 0.4997861 0.8008248 1 P 0
L 0.4230789 0.9157368 0.4997861 0.9157368 1 P 0
L 0.4240785 0.9609437 0.4240785 1.0758557 1 P 0
L 0.4240785 0.9609437 0.5007857 0.9609437 1 P 0
L 0.4240785 1.0758557 0.5007857 1.0758557 1 P 0
L 0.4330708 0.2253938 0.4330708 0.2470473 2 P 0
L 0.4330709 0.0984252 0.4330709 0.1377952 0 P 0
L 0.4462741 0.8583096 0.4762741 0.8583096 1 P 0
L 0.4472737 1.0184285 0.4772737 1.0184285 1 P 0
L 0.4527558 0.198819 0.4527558 0.2736221 2 P 0
L 0.460805 0.6602468 0.460805 0.7751588 1 P 0
L 0.460805 0.6602468 0.5375122 0.6602468 1 P 0
L 0.460805 0.7751588 0.5375122 0.7751588 1 P 0
L 0.4612741 0.8433096 0.4612741 0.8733096 1 P 0
L 0.4622737 1.0034285 0.4622737 1.0334285 1 P 0
L 0.4665353 0.4704725 0.4665353 0.6082678 2 P 0
L 0.4665353 0.4704725 0.5413384 0.4704725 2 P 0
L 0.4665353 0.6082678 0.5413384 0.6082678 2 P 0
L 0.4704725 0.0761811 0.4704725 0.1600393 0 P 0
L 0.4842518 0.5393702 0.5236219 0.5393702 0 P 0
L 0.484317 0.717674 0.514317 0.717674 1 P 0
L 0.4921259 0.0787402 0.531496 0.0787402 0 P 0
L 0.499317 0.702674 0.499317 0.732674 1 P 0
L 0.4997861 0.8008248 0.4997861 0.9157368 1 P 0
L 0.5007857 0.9609437 0.5007857 1.0758557 1 P 0
L 0.5039369 0.5196851 0.5039369 0.5590552 0 P 0
L 0.511811 0.0590552 0.511811 0.0984252 0 P 0
L 0.5375122 0.6602468 0.5375122 0.7751588 1 P 0
L 0.5413384 0.4704725 0.5413384 0.6082678 2 P 0
L 0.5867368 0.7020341 0.5867368 0.7610892 2 P 0
L 0.5867368 0.7020341 0.7048471 0.7020341 2 P 0
L 0.5867368 0.7610892 0.7048471 0.7610892 2 P 0
L 0.5875122 0.6232921 0.5875122 0.6823472 2 P 0
L 0.5875122 0.6232921 0.7056225 0.6232921 2 P 0
L 0.5875122 0.6823472 0.7056225 0.6823472 2 P 0
L 0.6270912 0.7315617 0.6644928 0.7315617 2 P 0
L 0.6278666 0.6528197 0.6652682 0.6528197 2 P 0
L 0.645792 0.7128609 0.645792 0.7502624 2 P 0
L 0.6465674 0.6341189 0.6465674 0.6715204 2 P 0
L 0.6625759 0.8518198 0.6625759 0.8754418 2 P 0
L 0.6625759 0.8518198 0.70982 0.8518198 2 P 0
L 0.6625759 0.8754418 0.70982 0.8754418 2 P 0
L 0.6625759 0.8801708 0.6625759 0.9037928 2 P 0
L 0.6625759 0.8801708 0.70982 0.8801708 2 P 0
L 0.6625759 0.9037928 0.70982 0.9037928 2 P 0
L 0.6636891 0.985555 0.6636891 1.009177 2 P 0
L 0.6636891 0.985555 0.7109332 0.985555 2 P 0
L 0.6636891 1.009177 0.7109332 1.009177 2 P 0
L 0.6636891 1.013114 0.6636891 1.036736 2 P 0
L 0.6636891 1.013114 0.7109332 1.013114 2 P 0
L 0.6636891 1.036736 0.7109332 1.036736 2 P 0
L 0.6797019 0.8636308 0.692694 0.8636308 2 P 0
L 0.6797019 0.8919818 0.692694 0.8919818 2 P 0
L 0.6808151 0.997366 0.6938072 0.997366 2 P 0
L 0.6808151 1.024925 0.6938072 1.024925 2 P 0
L 0.686198 0.8571347 0.686198 0.8701269 2 P 0
L 0.686198 0.8854857 0.686198 0.8984779 2 P 0
L 0.6873112 0.9908699 0.6873112 1.0038621 2 P 0
L 0.6873112 1.0184289 0.6873112 1.0314211 2 P 0
L 0.7048471 0.7020341 0.7048471 0.7610892 2 P 0
L 0.7056225 0.6232921 0.7056225 0.6823472 2 P 0
L 0.70982 0.8518198 0.70982 0.8754418 2 P 0
L 0.70982 0.8801708 0.70982 0.9037928 2 P 0
L 0.7109332 0.985555 0.7109332 1.009177 2 P 0
L 0.7109332 1.013114 0.7109332 1.036736 2 P 0
L 0.7320401 0.6277608 0.7320401 0.6671309 2 P 0
L 0.7320401 0.6277608 0.8068432 0.6277608 2 P 0
L 0.7320401 0.6671309 0.8068432 0.6671309 2 P 0
L 0.7324059 0.7177823 0.7324059 0.7571524 2 P 0
L 0.7324059 0.7177823 0.807209 0.7177823 2 P 0
L 0.7324059 0.7571524 0.807209 0.7571524 2 P 0
L 0.7586149 0.6474458 0.7802684 0.6474458 2 P 0
L 0.7589807 0.7374673 0.7806342 0.7374673 2 P 0
L 0.7694416 0.6366191 0.7694416 0.6582726 2 P 0
L 0.7698074 0.7266406 0.7698074 0.7482941 2 P 0
L 0.8068432 0.6277608 0.8068432 0.6671309 2 P 0
L 0.807209 0.7177823 0.807209 0.7571524 2 P 0
L 0.8446855 0.5614598 0.8446855 0.6362629 2 P 0
L 0.8446855 0.5614598 0.8840556 0.5614598 2 P 0
L 0.8446855 0.6362629 0.8840556 0.6362629 2 P 0
L 0.8473267 0.7830919 0.8473267 0.830336 2 P 0
L 0.8473267 0.7830919 0.9300038 0.7830919 2 P 0
L 0.8473267 0.830336 0.9300038 0.830336 2 P 0
L 0.8535438 0.5988614 0.8751973 0.5988614 2 P 0
L 0.8584654 0.8514193 0.8584654 1.0561453 1 P 0
L 0.8584654 0.8514193 0.9844494 0.8514193 1 P 0
L 0.8584654 1.0561453 0.9844494 1.0561453 1 P 0
L 0.8643705 0.5880346 0.8643705 0.6096881 2 P 0
L 0.8768862 0.8067139 0.9005083 0.8067139 2 P 0
L 0.8791311 0.6600796 0.8791311 0.7545676 1 P 0
L 0.8791311 0.6600796 0.9736211 0.6600796 1 P 0
L 0.8791311 0.7545676 0.9736211 0.7545676 1 P 0
L 0.8840556 0.5614598 0.8840556 0.6362629 2 P 0
L 0.8886973 0.7949029 0.8886973 0.8185249 2 P 0
L 0.8899614 0.9537833 0.9214574 0.9537833 1 P 0
L 0.8948871 0.7073236 0.9263751 0.7073236 1 P 0
L 0.8988202 0.5614598 0.8988202 0.6362629 2 P 0
L 0.8988202 0.5614598 0.9381903 0.5614598 2 P 0
L 0.8988202 0.6362629 0.9381903 0.6362629 2 P 0
L 0.9076785 0.5988614 0.929332 0.5988614 2 P 0
L 0.9185052 0.5880346 0.9185052 0.6096881 2 P 0
L 0.9214574 0.9183493 0.9214574 0.9537833 1 P 0
L 0.9214574 0.9537833 0.9214574 0.9892153 1 P 0
L 0.9214574 0.9537833 0.9529534 0.9537833 1 P 0
L 0.9263751 0.6758336 0.9263751 0.7073236 1 P 0
L 0.9263751 0.7073236 0.9263751 0.7388196 1 P 0
L 0.9263751 0.7073236 0.9578731 0.7073236 1 P 0
L 0.9300038 0.7830919 0.9300038 0.830336 2 P 0
L 0.9381903 0.5614598 0.9381903 0.6362629 2 P 0
L 0.9413151 0.5615984 0.9413151 0.6364015 2 P 0
L 0.9413151 0.5615984 0.9806852 0.5615984 2 P 0
L 0.9413151 0.6364015 0.9806852 0.6364015 2 P 0
L 0.9501734 0.599 0.9718269 0.599 2 P 0
L 0.9596398 0.7866567 0.9596398 0.8260268 2 P 0
L 0.9596398 0.7866567 1.0344429 0.7866567 2 P 0
L 0.9596398 0.8260268 1.0344429 0.8260268 2 P 0
L 0.9610001 0.5881732 0.9610001 0.6098267 2 P 0
L 0.9736211 0.6600796 0.9736211 0.7545676 1 P 0
L 0.9806852 0.5615984 0.9806852 0.6364015 2 P 0
L 0.9833151 0.5615984 0.9833151 0.6364015 2 P 0
L 0.9833151 0.5615984 1.0226852 0.5615984 2 P 0
L 0.9833151 0.6364015 1.0226852 0.6364015 2 P 0
L 0.9844494 0.8514193 0.9844494 1.0561453 1 P 0
L 0.9862146 0.8063417 1.0078681 0.8063417 2 P 0
L 0.9921734 0.599 1.0138269 0.599 2 P 0
L 0.9970413 0.795515 0.9970413 0.8171685 2 P 0
L 1.0024643 0.8363467 1.0024643 0.8757168 2 P 0
L 1.0024643 0.8363467 1.0772674 0.8363467 2 P 0
L 1.0024643 0.8757168 1.0772674 0.8757168 2 P 0
L 1.0030001 0.5881732 1.0030001 0.6098267 2 P 0
L 1.0226852 0.5615984 1.0226852 0.6364015 2 P 0
L 1.0253151 0.5615984 1.0253151 0.6364015 2 P 0
L 1.0253151 0.5615984 1.0646852 0.5615984 2 P 0
L 1.0253151 0.6364015 1.0646852 0.6364015 2 P 0
L 1.0290391 0.8560317 1.0506926 0.8560317 2 P 0
L 1.0300202 0.9341318 1.0300202 0.9813759 2 P 0
L 1.0300202 0.9341318 1.1126973 0.9341318 2 P 0
L 1.0300202 0.9813759 1.1126973 0.9813759 2 P 0
L 1.0341734 0.599 1.0558269 0.599 2 P 0
L 1.0344429 0.7866567 1.0344429 0.8260268 2 P 0
L 1.0398658 0.845205 1.0398658 0.8668585 2 P 0
L 1.0450001 0.5881732 1.0450001 0.6098267 2 P 0
L 1.0595797 0.9577538 1.0832018 0.9577538 2 P 0
L 1.0646852 0.5615984 1.0646852 0.6364015 2 P 0
L 1.067378 0.5526294 1.067378 0.6353065 2 P 0
L 1.067378 0.5526294 1.1146221 0.5526294 2 P 0
L 1.067378 0.6353065 1.1146221 0.6353065 2 P 0
L 1.0713908 0.9459428 1.0713908 0.9695648 2 P 0
L 1.0772674 0.8363467 1.0772674 0.8757168 2 P 0
L 1.0791891 0.594 1.1028111 0.594 2 P 0
L 1.0910001 0.5821889 1.0910001 0.605811 2 P 0
L 1.1126973 0.9341318 1.1126973 0.9813759 2 P 0
L 1.1146221 0.5526294 1.1146221 0.6353065 2 P 0
L 1.6811024 0.503937 1.6811024 0.9133858 0 P 0
L 1.6811024 0.503937 1.7283465 0.503937 0 P 0
L 1.6811024 0.9133858 2.0944882 0.9133858 0 P 0
L 1.7283465 0.503937 2.0944882 0.503937 0 P 0
L 2.0632598 1.0093534 2.0632598 1.0684085 2 P 0
L 2.0632598 1.0093534 2.1813701 1.0093534 2 P 0
L 2.0632598 1.0684085 2.1813701 1.0684085 2 P 0
L 2.0944882 0.503937 2.0944882 0.5905512 0 P 0
L 2.0944882 0.8232283 2.0944882 0.9133858 0 P 0
L 2.1036141 1.0388809 2.1410157 1.0388809 2 P 0
L 2.1223149 1.0201802 2.1223149 1.0575817 2 P 0
L 2.1813701 1.0093534 2.1813701 1.0684085 2 P 0
L 2.2646535 0.568536 2.2646535 0.6512131 2 P 0
L 2.2646535 0.568536 2.3118976 0.568536 2 P 0
L 2.2646535 0.6512131 2.3118976 0.6512131 2 P 0
L 2.2657248 0.7438027 2.2657248 0.8028578 2 P 0
L 2.2657248 0.7438027 2.3838351 0.7438027 2 P 0
L 2.2657248 0.8028578 2.3838351 0.8028578 2 P 0
L 2.2764645 0.6098425 2.3000865 0.6098425 2 P 0
L 2.2882755 0.5980315 2.2882755 0.6216536 2 P 0
L 2.3060791 0.7733302 2.3434807 0.7733302 2 P 0
L 2.3118976 0.568536 2.3118976 0.6512131 2 P 0
L 2.3144724 0.6029448 2.3144724 0.7210551 2 P 0
L 2.3144724 0.6029448 2.3735275 0.6029448 2 P 0
L 2.3144724 0.7210551 2.3735275 0.7210551 2 P 0
L 2.3247799 0.7546295 2.3247799 0.792031 2 P 0
L 2.3252992 0.6619999 2.3627007 0.6619999 2 P 0
L 2.3316935 0.555378 2.3316935 0.6026221 2 P 0
L 2.3316935 0.555378 2.4143706 0.555378 2 P 0
L 2.3316935 0.6026221 2.4143706 0.6026221 2 P 0
L 2.344 0.6432991 2.344 0.6807007 2 P 0
L 2.361189 0.5790001 2.3848111 0.5790001 2 P 0
L 2.373 0.5671891 2.373 0.5908111 2 P 0
L 2.3735275 0.6029448 2.3735275 0.7210551 2 P 0
L 2.3823219 0.5079922 2.3823219 0.5552363 2 P 0
L 2.3823219 0.5079922 2.464999 0.5079922 2 P 0
L 2.3823219 0.5552363 2.464999 0.5552363 2 P 0
L 2.3838351 0.7438027 2.3838351 0.8028578 2 P 0
L 2.4118174 0.5316143 2.4354395 0.5316143 2 P 0
L 2.4143706 0.555378 2.4143706 0.6026221 2 P 0
L 2.4236284 0.5198033 2.4236284 0.5434253 2 P 0
L 2.4414724 0.7969448 2.4414724 0.9150551 2 P 0
L 2.4414724 0.7969448 2.5005275 0.7969448 2 P 0
L 2.4414724 0.9150551 2.5005275 0.9150551 2 P 0
L 2.4522992 0.8559999 2.4897007 0.8559999 2 P 0
L 2.4606299 0.3149606 2.5 0.3149606 0 P 0
L 2.464999 0.5079922 2.464999 0.5552363 2 P 0
L 2.471 0.8372991 2.471 0.8747007 2 P 0
L 2.480315 0.2952756 2.480315 0.3346456 0 P 0
L 2.5005275 0.7969448 2.5005275 0.9150551 2 P 0
