#Layer_Color=8060976
#
#Feature symbol names
#
$0 r3.937
$1 r4

#
#Feature attribute names
#

#
#Layer features
#
A 0.7706685 0.232776 0.7706685 0.232776 0.6850386 0.232776 0 P 0 N
A 0.7706685 1.185532 0.7706685 1.185532 0.6850386 1.185532 0 P 0 N
A 1.7234244 0.232776 1.7234244 0.232776 1.6377945 0.232776 0 P 0 N
A 1.7234244 1.185532 1.7234244 1.185532 1.6377945 1.185532 0 P 0 N
L -0.0122483 0.768903 -0.0122483 1.120871 1 P 0
L -0.0122483 0.768903 0.2987757 0.768903 1 P 0
L -0.0122483 1.120871 0.2987757 1.120871 1 P 0
L 0.0492142 0.3287577 0.0492142 0.6161241 1 P 0
L 0.0492142 0.3287577 0.1870062 0.3287577 1 P 0
L 0.0492142 0.6161241 0.1870062 0.6161241 1 P 0
L 0.1870062 0.3287577 0.1870062 0.6161241 1 P 0
L 0.2657483 0.3563001 0.2657483 0.5885817 1 P 0
L 0.2657483 0.3563001 0.4429131 0.3563001 1 P 0
L 0.2657483 0.5885817 0.2657492 0.5885826 1 P 0
L 0.2657492 0.5885826 0.4429134 0.5885826 1 P 0
L 0.2987757 0.768903 0.2987757 1.120871 1 P 0
L 0.2992126 0.0866142 0.2992126 0.1496063 0 P 0
L 0.2992126 0.0866142 0.3307087 0.0866142 0 P 0
L 0.2992126 0.1496063 0.3307087 0.1496063 0 P 0
L 0.3307087 0.0866142 0.3307087 0.1496063 0 P 0
L 0.3538863 0.9213025 0.3538863 0.9685465 1 P 0
L 0.3538863 0.9213025 0.3863666 0.9213025 1 P 0
L 0.3538863 0.9685465 0.3863666 0.9685465 1 P 0
L 0.3863666 0.9213025 0.3863666 0.9685465 1 P 0
L 0.4173229 0.0866142 0.4173229 0.1496063 0 P 0
L 0.4173229 0.0866142 0.448819 0.0866142 0 P 0
L 0.4173229 0.1496063 0.448819 0.1496063 0 P 0
L 0.4429134 0.3562992 0.4429134 0.5885826 1 P 0
L 0.448819 0.0866142 0.448819 0.1496063 0 P 0
L 0.817928 0.3484208 0.817928 0.4173185 0 P 0
L 0.817928 0.3484208 0.8553295 0.3484208 0 P 0
L 0.817928 0.4173185 0.8553295 0.4173185 0 P 0
L 0.8553295 0.3484208 0.8553295 0.4173185 0 P 0
L 0.881424 0.3470672 0.881424 0.4159649 0 P 0
L 0.881424 0.3470672 0.9188255 0.3470672 0 P 0
L 0.881424 0.4159649 0.9188255 0.4159649 0 P 0
L 0.9188255 0.3470672 0.9188255 0.4159649 0 P 0
L 1.1307082 0.6176733 1.1307082 0.6412953 0 P 0
L 1.1307082 0.6176733 1.1740153 0.6176733 0 P 0
L 1.1307082 0.6412953 1.1740153 0.6412953 0 P 0
L 1.1316449 0.7519986 1.1316449 0.7756206 0 P 0
L 1.1316449 0.7519986 1.174952 0.7519986 0 P 0
L 1.1316449 0.7756206 1.174952 0.7756206 0 P 0
L 1.1336122 0.6697138 1.1336122 0.7090866 1 P 0
L 1.1336122 0.6697138 1.172985 0.6697138 1 P 0
L 1.1336122 0.7090866 1.172985 0.7090866 1 P 0
L 1.172985 0.6697138 1.172985 0.7090866 1 P 0
L 1.1740153 0.6176733 1.1740153 0.6412953 0 P 0
L 1.174952 0.7519986 1.174952 0.7756206 0 P 0
L 1.2437606 0.8843123 1.2437606 0.9788019 1 P 0
L 1.2437606 0.8843123 1.3303718 0.8843123 1 P 0
L 1.2437606 0.9788019 1.3303718 0.9788019 1 P 0
L 1.2437608 0.5858961 1.2437608 0.6803857 1 P 0
L 1.2437608 0.5858961 1.330372 0.5858961 1 P 0
L 1.2437608 0.6803857 1.330372 0.6803857 1 P 0
L 1.3303718 0.8843123 1.3303718 0.9788019 1 P 0
L 1.330372 0.5858961 1.330372 0.6803857 1 P 0
L 1.8822829 0.2639754 1.8822829 1.1537394 1 P 0
L 1.8822829 0.2639754 2.0153529 0.2639754 1 P 0
L 1.8822829 1.1537394 2.0153529 1.1537394 1 P 0
L 2.0153529 0.2639754 2.0153529 1.1537394 1 P 0
L 2.2928237 0.5393718 2.2928237 0.8779542 0 P 0
L 2.2928237 0.5393718 2.3917357 0.5393718 0 P 0
L 2.2928237 0.8779542 2.3917357 0.8779542 0 P 0
L 2.3917357 0.5393718 2.3917357 0.8779542 0 P 0
