#Layer_Color=16776960
#
#Feature symbol names
#
$0 r3.937
$1 r4
$2 r1.9685

#
#Feature attribute names
#

#
#Layer features
#
A 0.3228347 1.3385827 0.3228347 1.3385827 0.2755906 1.3385827 0 P 0 N
A 0.5590551 0.0787402 0.5590551 0.0787402 0.511811 0.0787402 0 P 0 N
A 0.7164539 0.0537604 0.7164539 0.0537604 0.7007059 0.0537604 0 P 0 N
A 0.7972433 0.232776 0.7972433 0.232776 0.6850386 0.232776 0 P 0 N
A 0.7972433 1.185532 0.7972433 1.185532 0.6850386 1.185532 0 P 0 N
A 1.7499992 0.232776 1.7499992 0.232776 1.6377945 0.232776 0 P 0 N
A 1.7499992 1.185532 1.7499992 1.185532 1.6377945 1.185532 0 P 0 N
A 2.5275591 0.3149606 2.5275591 0.3149606 2.480315 0.3149606 0 P 0 N
L -0.0112643 0.748031 -0.0112643 1.141733 1 P 0
L -0.0112643 0.748031 0.3233797 0.748031 1 P 0
L -0.0112643 1.141733 0.3233797 1.141733 1 P 0
L 0.0433071 0.3188976 0.0433071 0.6259842 1 P 0
L 0.0433071 0.3188976 0.2007874 0.3188976 1 P 0
L 0.0433071 0.6259842 0.2007874 0.6259842 1 P 0
L 0.0712394 0.4724409 0.1181102 0.4724409 1 P 0
L 0.1181102 0.4251968 0.1181102 0.4724409 1 P 0
L 0.1181102 0.4724409 0.1181102 0.523622 1 P 0
L 0.1181102 0.4724409 0.1657274 0.4724409 1 P 0
L 0.2007874 0.3188976 0.2007874 0.6259842 1 P 0
L 0.2249557 0.944881 0.2643257 0.944881 1 P 0
L 0.2559055 0.3464566 0.2559055 0.5984252 1 P 0
L 0.2559055 0.3464566 0.4527559 0.3464566 1 P 0
L 0.2559055 0.5984252 0.4527559 0.5984252 1 P 0
L 0.2559056 1.3385827 0.2952757 1.3385827 0 P 0
L 0.2643257 0.915355 0.2643257 0.944881 1 P 0
L 0.2643257 0.944881 0.2643257 0.974409 1 P 0
L 0.2643257 0.944881 0.2987697 0.944881 1 P 0
L 0.2755906 1.3188977 0.2755906 1.3582677 0 P 0
L 0.2913386 0.0649606 0.2913386 0.1712598 0 P 0
L 0.2913386 0.0649606 0.3385826 0.0649606 0 P 0
L 0.2913386 0.1712598 0.3385826 0.1712598 0 P 0
L 0.2952756 0.1181102 0.3346457 0.1181102 0 P 0
L 0.3140043 0.4724409 0.3543307 0.4724409 1 P 0
L 0.3149606 0.0984252 0.3149606 0.1377953 0 P 0
L 0.3233797 0.748031 0.3233797 1.141733 1 P 0
L 0.3385826 0.0649606 0.3385826 0.1712598 0 P 0
L 0.3401067 0.9153969 0.3401067 0.9744521 1 P 0
L 0.3401067 0.9153969 0.3991619 0.9153969 1 P 0
L 0.3401067 0.9744521 0.3991619 0.9744521 1 P 0
L 0.3538864 0.9449245 0.3696343 0.9449245 1 P 0
L 0.3543307 0.4321145 0.3543307 0.4724409 1 P 0
L 0.3543307 0.4724409 0.3543307 0.5127673 1 P 0
L 0.3543307 0.4724409 0.3946571 0.4724409 1 P 0
L 0.3696343 0.9291766 0.3696343 0.9449245 1 P 0
L 0.3696343 0.9449245 0.3696343 0.9606724 1 P 0
L 0.3696343 0.9449245 0.3853822 0.9449245 1 P 0
L 0.3991619 0.9153969 0.3991619 0.9744521 1 P 0
L 0.3991619 0.9685465 0.3991619 0.9744521 1 P 0
L 0.4094489 0.0649606 0.4094489 0.1712598 0 P 0
L 0.4094489 0.0649606 0.4566929 0.0649606 0 P 0
L 0.4094489 0.1712598 0.4566929 0.1712598 0 P 0
L 0.4133859 0.1181102 0.452756 0.1181102 0 P 0
L 0.4330709 0.0984252 0.4330709 0.1377953 0 P 0
L 0.4527559 0.3464566 0.4527559 0.5984252 1 P 0
L 0.4566929 0.0649606 0.4566929 0.1712598 0 P 0
L 0.492126 0.0787402 0.5314961 0.0787402 0 P 0
L 0.511811 0.0590552 0.511811 0.0984252 0 P 0
L 0.6653536 0.232776 0.7047236 0.232776 0 P 0
L 0.6653536 1.185532 0.7047236 1.185532 0 P 0
L 0.6850386 0.213091 0.6850386 0.252461 0 P 0
L 0.6850386 1.165847 0.6850386 1.205217 0 P 0
L 0.8071012 0.3238145 0.8071012 0.4419248 2 P 0
L 0.8071012 0.3238145 0.8661563 0.3238145 2 P 0
L 0.8071012 0.4419248 0.8661563 0.4419248 2 P 0
L 0.817928 0.3828696 0.8553295 0.3828696 2 P 0
L 0.8366287 0.3641688 0.8366287 0.4015704 2 P 0
L 0.8661563 0.3238145 0.8661563 0.4419248 2 P 0
L 0.8705972 0.3224609 0.8705972 0.4405712 2 P 0
L 0.8705972 0.3224609 0.9296523 0.3224609 2 P 0
L 0.8705972 0.4405712 0.9296523 0.4405712 2 P 0
L 0.881424 0.381516 0.9188255 0.381516 2 P 0
L 0.9001247 0.3628152 0.9001247 0.4002168 2 P 0
L 0.9296523 0.3224609 0.9296523 0.4405712 2 P 0
L 1.1110232 0.6058623 1.1110232 0.6531064 2 P 0
L 1.1110232 0.6058623 1.1937003 0.6058623 2 P 0
L 1.1110232 0.6531064 1.1937003 0.6531064 2 P 0
L 1.1119599 0.7401875 1.1119599 0.7874316 2 P 0
L 1.1119599 0.7401875 1.194637 0.7401875 2 P 0
L 1.1119599 0.7874316 1.194637 0.7874316 2 P 0
L 1.1286922 0.654981 1.1286922 0.7234386 1 P 0
L 1.1286922 0.654981 1.1779048 0.654981 1 P 0
L 1.1286922 0.7234386 1.1779048 0.7234386 1 P 0
L 1.1336135 0.6895957 1.1729835 0.6895957 1 P 0
L 1.1405507 0.6294843 1.1641728 0.6294843 2 P 0
L 1.1414874 0.7638096 1.1651095 0.7638096 2 P 0
L 1.1523617 0.6176733 1.1523617 0.6412953 2 P 0
L 1.1532985 0.6699107 1.1532985 0.7092807 1 P 0
L 1.1532985 0.7519986 1.1532985 0.7756206 2 P 0
L 1.1779048 0.654981 1.1779048 0.7234386 1 P 0
L 1.1937003 0.6058623 1.1937003 0.6531064 2 P 0
L 1.194637 0.7401875 1.194637 0.7874316 2 P 0
L 1.2358819 0.8587257 1.2358819 1.0034107 0 P 0
L 1.2358819 0.8587257 1.3382441 0.8587257 0 P 0
L 1.2358819 1.0034107 1.3382441 1.0034107 0 P 0
L 1.2358821 0.5603095 1.2358821 0.7049945 0 P 0
L 1.2358821 0.5603095 1.3382443 0.5603095 0 P 0
L 1.2358821 0.7049945 1.3382443 0.7049945 0 P 0
L 1.2575419 0.9315571 1.2870662 0.9315571 0 P 0
L 1.2575421 0.6331409 1.2870664 0.6331409 0 P 0
L 1.2870662 0.9020328 1.2870662 0.9315571 0 P 0
L 1.2870662 0.9315571 1.2870662 0.9610814 0 P 0
L 1.2870662 0.9315571 1.3165905 0.9315571 0 P 0
L 1.2870664 0.6036166 1.2870664 0.6331409 0 P 0
L 1.2870664 0.6331409 1.2870664 0.6626652 0 P 0
L 1.2870664 0.6331409 1.3165907 0.6331409 0 P 0
L 1.3382441 0.8587257 1.3382441 1.0034107 0 P 0
L 1.3382443 0.5603095 1.3382443 0.7049945 0 P 0
L 1.6181095 0.232776 1.6574795 0.232776 0 P 0
L 1.6181095 1.185532 1.6574795 1.185532 0 P 0
L 1.6377945 0.213091 1.6377945 0.252461 0 P 0
L 1.6377945 1.165847 1.6377945 1.205217 0 P 0
L 1.8602349 0.2559054 1.8602349 1.1614174 2 P 0
L 1.8602349 0.2559054 2.0374009 0.2559054 2 P 0
L 1.8602349 1.1614174 2.0374009 1.1614174 2 P 0
L 1.9291329 0.7086614 1.9685029 0.7086614 0 P 0
L 1.9488189 0.6889754 1.9488189 0.7283454 0 P 0
L 2.0374009 0.2559054 2.0374009 1.1614174 2 P 0
L 2.1732284 0.6003937 2.2637796 0.6003937 0 P 0
L 2.1732284 0.8169291 2.2637796 0.8169291 0 P 0
L 2.2637796 0.5314961 2.2637796 0.6003937 0 P 0
L 2.2637796 0.5314961 2.42126 0.5314961 0 P 0
L 2.2637796 0.6003937 2.2637796 0.8169291 0 P 0
L 2.2637796 0.8169291 2.2637796 0.8858269 0 P 0
L 2.2637796 0.8858269 2.42126 0.8858269 0 P 0
L 2.306453 0.7086614 2.3422797 0.7086614 0 P 0
L 2.3422797 0.6728347 2.3422797 0.7086614 0 P 0
L 2.3422797 0.7086614 2.3422797 0.7444881 0 P 0
L 2.3422797 0.7086614 2.3781064 0.7086614 0 P 0
L 2.42126 0.5314961 2.42126 0.8858269 0 P 0
L 2.4606297 0.3149603 2.4999997 0.3149603 0 P 0
L 2.4803157 0.2952763 2.4803157 0.3346463 0 P 0
