#Layer_Color=7807054
#
#Feature symbol names
#
$0 r4
$1 r3.937

#
#Feature attribute names
#

#
#Layer features
#
L 0.281496 0.0992126 0.281496 0.1370078 1 P 0
L 0.281496 0.0992126 0.3484252 0.0992126 1 P 0
L 0.281496 0.1370078 0.3484252 0.1370078 1 P 0
L 0.2961643 0.3961721 0.2961643 0.5485369 0 P 0
L 0.2961643 0.3961721 0.3694475 0.3961721 0 P 0
L 0.2961643 0.5485369 0.3694475 0.5485369 0 P 0
L 0.3041337 0.2155512 0.3041337 0.2568898 1 P 0
L 0.3041337 0.2155512 0.3257872 0.2155512 1 P 0
L 0.3041337 0.2568898 0.3257872 0.2568898 1 P 0
L 0.325016 0.925197 0.325016 0.948819 1 P 0
L 0.325016 0.925197 0.3683231 0.925197 1 P 0
L 0.325016 0.948819 0.3683231 0.948819 1 P 0
L 0.3257872 0.2155512 0.3257872 0.2568898 1 P 0
L 0.3484252 0.0992126 0.3484252 0.1370078 1 P 0
L 0.3683231 0.925197 0.3683231 0.948819 1 P 0
L 0.3694475 0.3961721 0.3694475 0.5485369 0 P 0
L 0.3996063 0.0992126 0.3996063 0.1370078 1 P 0
L 0.3996063 0.0992126 0.4665355 0.0992126 1 P 0
L 0.3996063 0.1370078 0.4665355 0.1370078 1 P 0
L 0.422244 0.2155512 0.422244 0.2568898 1 P 0
L 0.422244 0.2155512 0.4438975 0.2155512 1 P 0
L 0.422244 0.2568898 0.4438975 0.2568898 1 P 0
L 0.4331245 0.8110655 0.4331245 0.9055537 0 P 0
L 0.4331245 0.8110655 0.4894236 0.8110655 0 P 0
L 0.4331245 0.9055537 0.4894236 0.9055537 0 P 0
L 0.4341241 0.9711844 0.4341241 1.0656726 0 P 0
L 0.4341241 0.9711844 0.4904232 0.9711844 0 P 0
L 0.4341241 1.0656726 0.4904232 1.0656726 0 P 0
L 0.4438975 0.2155512 0.4438975 0.2568898 1 P 0
L 0.4665355 0.0992126 0.4665355 0.1370078 1 P 0
L 0.4711675 0.6704299 0.4711675 0.7649181 0 P 0
L 0.4711675 0.6704299 0.5274666 0.6704299 0 P 0
L 0.4711675 0.7649181 0.5274666 0.7649181 0 P 0
L 0.4773621 0.4960631 0.4773621 0.5826773 1 P 0
L 0.4773621 0.4960631 0.5305117 0.4960631 1 P 0
L 0.4773621 0.5826773 0.5305117 0.5826773 1 P 0
L 0.4894236 0.8110655 0.4894236 0.9055537 0 P 0
L 0.4904232 0.9711844 0.4904232 1.0656726 0 P 0
L 0.5274666 0.6704299 0.5274666 0.7649181 0 P 0
L 0.5305117 0.4960631 0.5305117 0.5826773 1 P 0
L 0.6123274 0.7128609 0.6123274 0.7502624 1 P 0
L 0.6123274 0.7128609 0.6792565 0.7128609 1 P 0
L 0.6123274 0.7502624 0.6792565 0.7502624 1 P 0
L 0.6131028 0.6341189 0.6131028 0.6715204 1 P 0
L 0.6131028 0.6341189 0.6800319 0.6341189 1 P 0
L 0.6131028 0.6715204 0.6800319 0.6715204 1 P 0
L 0.6737964 0.8571347 0.6737964 0.8701269 1 P 0
L 0.6737964 0.8571347 0.6985996 0.8571347 1 P 0
L 0.6737964 0.8701269 0.6985996 0.8701269 1 P 0
L 0.6737964 0.8854857 0.6737964 0.8984779 1 P 0
L 0.6737964 0.8854857 0.6985996 0.8854857 1 P 0
L 0.6737964 0.8984779 0.6985996 0.8984779 1 P 0
L 0.6749096 0.9908699 0.6749096 1.0038621 1 P 0
L 0.6749096 0.9908699 0.6997128 0.9908699 1 P 0
L 0.6749096 1.0038621 0.6997128 1.0038621 1 P 0
L 0.6749096 1.0184289 0.6749096 1.0314211 1 P 0
L 0.6749096 1.0184289 0.6997128 1.0184289 1 P 0
L 0.6749096 1.0314211 0.6997128 1.0314211 1 P 0
L 0.6792565 0.7128609 0.6792565 0.7502624 1 P 0
L 0.6800319 0.6341189 0.6800319 0.6715204 1 P 0
L 0.6985996 0.8571347 0.6985996 0.8701269 1 P 0
L 0.6985996 0.8854857 0.6985996 0.8984779 1 P 0
L 0.6997128 0.9908699 0.6997128 1.0038621 1 P 0
L 0.6997128 1.0184289 0.6997128 1.0314211 1 P 0
L 0.7487723 0.6366191 0.7487723 0.6582726 1 P 0
L 0.7487723 0.6366191 0.7901109 0.6366191 1 P 0
L 0.7487723 0.6582726 0.7901109 0.6582726 1 P 0
L 0.7491381 0.7266406 0.7491381 0.7482941 1 P 0
L 0.7491381 0.7266406 0.7904767 0.7266406 1 P 0
L 0.7491381 0.7482941 0.7904767 0.7482941 1 P 0
L 0.7901109 0.6366191 0.7901109 0.6582726 1 P 0
L 0.7904767 0.7266406 0.7904767 0.7482941 1 P 0
L 0.8535438 0.5781921 0.8535438 0.6195307 1 P 0
L 0.8535438 0.5781921 0.8751973 0.5781921 1 P 0
L 0.8535438 0.6195307 0.8751973 0.6195307 1 P 0
L 0.8670437 0.7949029 0.8670437 0.8185249 1 P 0
L 0.8670437 0.7949029 0.9103508 0.7949029 1 P 0
L 0.8670437 0.8185249 0.9103508 0.8185249 1 P 0
L 0.8722454 0.8651993 0.8722454 1.0423653 0 P 0
L 0.8722454 0.8651993 0.9706714 0.8651993 0 P 0
L 0.8722454 1.0423653 0.9706714 1.0423653 0 P 0
L 0.8751973 0.5781921 0.8751973 0.6195307 1 P 0
L 0.8948831 0.6758296 0.8948831 0.7388216 0 P 0
L 0.8948831 0.6758296 0.9578751 0.6758296 0 P 0
L 0.8948831 0.7388216 0.9578751 0.7388216 0 P 0
L 0.9076785 0.5781921 0.9076785 0.6195307 1 P 0
L 0.9076785 0.5781921 0.929332 0.5781921 1 P 0
L 0.9076785 0.6195307 0.929332 0.6195307 1 P 0
L 0.9103508 0.7949029 0.9103508 0.8185249 1 P 0
L 0.929332 0.5781921 0.929332 0.6195307 1 P 0
L 0.9501734 0.5783307 0.9501734 0.6196693 1 P 0
L 0.9501734 0.5783307 0.9718269 0.5783307 1 P 0
L 0.9501734 0.6196693 0.9718269 0.6196693 1 P 0
L 0.9578751 0.6758296 0.9578751 0.7388216 0 P 0
L 0.9706714 0.8651993 0.9706714 1.0423653 0 P 0
L 0.9718269 0.5783307 0.9718269 0.6196693 1 P 0
L 0.976372 0.795515 0.976372 0.8171685 1 P 0
L 0.976372 0.795515 1.0177106 0.795515 1 P 0
L 0.976372 0.8171685 1.0177106 0.8171685 1 P 0
L 0.9921734 0.5783307 0.9921734 0.6196693 1 P 0
L 0.9921734 0.5783307 1.0138269 0.5783307 1 P 0
L 0.9921734 0.6196693 1.0138269 0.6196693 1 P 0
L 1.0138269 0.5783307 1.0138269 0.6196693 1 P 0
L 1.0177106 0.795515 1.0177106 0.8171685 1 P 0
L 1.0191965 0.845205 1.0191965 0.8668585 1 P 0
L 1.0191965 0.845205 1.0605351 0.845205 1 P 0
L 1.0191965 0.8668585 1.0605351 0.8668585 1 P 0
L 1.0341734 0.5783307 1.0341734 0.6196693 1 P 0
L 1.0341734 0.5783307 1.0558269 0.5783307 1 P 0
L 1.0341734 0.6196693 1.0558269 0.6196693 1 P 0
L 1.0497372 0.9459428 1.0497372 0.9695648 1 P 0
L 1.0497372 0.9459428 1.0930443 0.9459428 1 P 0
L 1.0497372 0.9695648 1.0930443 0.9695648 1 P 0
L 1.0558269 0.5783307 1.0558269 0.6196693 1 P 0
L 1.0605351 0.845205 1.0605351 0.8668585 1 P 0
L 1.0791891 0.5723464 1.0791891 0.6156535 1 P 0
L 1.0791891 0.5723464 1.1028111 0.5723464 1 P 0
L 1.0791891 0.6156535 1.1028111 0.6156535 1 P 0
L 1.0930443 0.9459428 1.0930443 0.9695648 1 P 0
L 1.1028111 0.5723464 1.1028111 0.6156535 1 P 0
L 1.6889965 0.5118311 1.6889965 0.9054919 1 P 0
L 1.6889965 0.5118311 2.0826573 0.5118311 1 P 0
L 1.6889965 0.9054919 2.0826573 0.9054919 1 P 0
L 2.0826573 0.5118311 2.0826573 0.9054919 1 P 0
L 2.0888504 1.0201802 2.0888504 1.0575817 1 P 0
L 2.0888504 1.0201802 2.1557795 1.0201802 1 P 0
L 2.0888504 1.0575817 2.1557795 1.0575817 1 P 0
L 2.1557795 1.0201802 2.1557795 1.0575817 1 P 0
L 2.2764645 0.588189 2.2764645 0.6314961 1 P 0
L 2.2764645 0.588189 2.3000865 0.588189 1 P 0
L 2.2764645 0.6314961 2.3000865 0.6314961 1 P 0
L 2.2903311 0.7546295 2.2903311 0.792031 1 P 0
L 2.2903311 0.7546295 2.3592288 0.7546295 1 P 0
L 2.2903311 0.792031 2.3592288 0.792031 1 P 0
L 2.3000865 0.588189 2.3000865 0.6314961 1 P 0
L 2.3252992 0.6275511 2.3252992 0.6964488 1 P 0
L 2.3252992 0.6275511 2.3627007 0.6275511 1 P 0
L 2.3252992 0.6964488 2.3627007 0.6964488 1 P 0
L 2.3513465 0.5671891 2.3513465 0.5908111 1 P 0
L 2.3513465 0.5671891 2.3946536 0.5671891 1 P 0
L 2.3513465 0.5908111 2.3946536 0.5908111 1 P 0
L 2.3592288 0.7546295 2.3592288 0.792031 1 P 0
L 2.3627007 0.6275511 2.3627007 0.6964488 1 P 0
L 2.3946536 0.5671891 2.3946536 0.5908111 1 P 0
L 2.4019749 0.5198033 2.4019749 0.5434253 1 P 0
L 2.4019749 0.5198033 2.445282 0.5198033 1 P 0
L 2.4019749 0.5434253 2.445282 0.5434253 1 P 0
L 2.445282 0.5198033 2.445282 0.5434253 1 P 0
L 2.4522992 0.8215511 2.4522992 0.8904488 1 P 0
L 2.4522992 0.8215511 2.4897007 0.8215511 1 P 0
L 2.4522992 0.8904488 2.4897007 0.8904488 1 P 0
L 2.4897007 0.8215511 2.4897007 0.8904488 1 P 0
